6.627543e-01 -4.834356e-02 1.796472e-01
6.587706e-01 -4.832911e-02 1.797234e-01
6.547869e-01 -4.831467e-02 1.797996e-01
6.508031e-01 -4.830023e-02 1.798759e-01
6.468194e-01 -4.828579e-02 1.799521e-01
6.428357e-01 -4.827134e-02 1.800283e-01
6.388520e-01 -4.825690e-02 1.801045e-01
6.348683e-01 -4.824246e-02 1.801807e-01
6.308846e-01 -4.822801e-02 1.802569e-01
6.269009e-01 -4.821357e-02 1.803331e-01
6.229171e-01 -4.819913e-02 1.804094e-01
6.189334e-01 -4.818469e-02 1.804856e-01
6.149497e-01 -4.817024e-02 1.805618e-01
6.109660e-01 -4.815580e-02 1.806380e-01
