px py pz qw qx qy qz
5.736780e-01 2.905762e-01 5.887435e-02 0 0 -9.584548e-02 9.953962e-01
5.478026e-01 3.156646e-01 6.391761e-02 0 0 -9.584591e-02 9.953962e-01
5.472123e-01 2.911203e-01 5.915943e-02 0 0 -9.584548e-02 9.953962e-01
5.588396e-01 3.006340e-01 6.092644e-02 0 0 -9.584548e-02 9.953962e-01
5.582237e-01 2.760998e-01 5.617040e-02 0 0 -9.584591e-02 9.953962e-01
5.466221e-01 2.665760e-01 5.440126e-02 0 0 -9.584591e-02 9.953962e-01
5.576078e-01 2.515656e-01 5.141437e-02 0 0 -9.584591e-02 9.953962e-01
5.460318e-01 2.420317e-01 4.964309e-02 0 1.110223e-16 9.584591e-02 -9.953962e-01
5.600714e-01 3.497023e-01 7.043851e-02 0 0 -9.584588e-02 9.953962e-01
5.860239e-01 3.245838e-01 6.538886e-02 0 0 -9.584591e-02 9.953962e-01
5.749099e-01 3.396447e-01 6.838643e-02 0 0 -9.584588e-02 9.953962e-01
5.866142e-01 3.491280e-01 7.014703e-02 0 0 -9.584588e-02 9.953962e-01
6.014336e-01 3.422532e-01 6.881789e-02 6.656989e-04 -6.913537e-03 -9.584358e-02 9.953722e-01
6.080096e-01 3.305651e-01 6.662716e-02 7.206953e-04 -7.636426e-03 -9.395572e-02 9.955468e-01
6.000027e-01 3.209475e-01 6.470392e-02 8.331145e-04 -8.652210e-03 -9.584229e-02 9.953586e-01
6.032250e-01 3.107930e-01 6.267289e-02 2.810386e-05 -2.627975e-04 1.063348e-01 -9.943304e-01
6.002129e-01 3.031450e-01 6.120986e-02 1.947308e-05 -2.231046e-04 -8.695168e-02 9.962125e-01
5.051208e-01 2.934828e-01 6.016453e-02 1.520351e-03 -1.578950e-02 9.583342e-02 -9.952710e-01
4.923767e-01 3.033996e-01 6.236864e-02 6.018883e-04 -7.136840e-03 8.403493e-02 -9.964371e-01
5.059141e-01 3.174276e-01 6.464533e-02 6.078961e-04 -6.313231e-03 9.584398e-02 -9.953762e-01
4.934850e-01 3.271479e-01 6.677920e-02 6.078934e-04 -6.313206e-03 9.584395e-02 -9.953762e-01
5.215151e-01 3.259896e-01 6.609922e-02 0 0 -9.584591e-02 9.953962e-01
5.327371e-01 3.160014e-01 6.408514e-02 0 0 -9.584591e-02 9.953962e-01
5.209298e-01 3.014500e-01 6.134192e-02 0 0 -9.584548e-02 9.953962e-01
5.321519e-01 2.914617e-01 5.932784e-02 0 0 -9.584548e-02 9.953962e-01
5.193238e-01 2.771960e-01 5.664697e-02 0 0 -9.584595e-02 9.953962e-01
5.312041e-01 2.674437e-01 5.467420e-02 3.121909e-09 -3.242221e-08 -9.584591e-02 9.953962e-01
5.312664e-01 2.468062e-01 5.066962e-02 1.459847e-08 -1.516107e-07 -9.584591e-02 9.953962e-01
5.477608e-01 2.272820e-01 4.678321e-02 0 0 9.495275e-02 -9.954818e-01
5.713451e-01 2.444034e-01 4.999599e-02 4.742953e-04 -4.926100e-03 -9.583772e-02 9.953847e-01
5.799040e-01 2.532877e-01 5.166037e-02 2.523448e-05 -2.768873e-04 -9.076016e-02 9.958727e-01
5.726513e-01 2.660409e-01 5.412087e-02 2.144591e-09 -2.227239e-08 9.584591e-02 -9.953962e-01
5.866100e-01 2.714298e-01 5.517711e-02 5.495794e-04 -5.404919e-03 -1.011582e-01 9.948555e-01
5.908602e-01 2.800546e-01 5.682301e-02 0 0 -7.694455e-02 9.970354e-01
5.967643e-01 2.924537e-01 5.921079e-02 1.530028e-03 -1.588999e-02 -9.583328e-02 9.952694e-01
5.854337e-01 3.000395e-01 6.063070e-02 0 0 -9.584548e-02 9.953962e-01
5.742940e-01 3.151105e-01 6.363039e-02 0 0 -9.584591e-02 9.953962e-01
5.594555e-01 3.251682e-01 6.568247e-02 0 0 -9.584591e-02 9.953962e-01
5.483928e-01 3.402089e-01 6.867578e-02 0 0 -9.584588e-02 9.953962e-01
5.333224e-01 3.405410e-01 6.884244e-02 0 0 -9.584588e-02 9.953962e-01
5.220307e-01 3.518366e-01 7.140527e-02 1.241716e-03 -1.143121e-02 1.079828e-01 -9.940863e-01
5.052991e-01 3.423273e-01 6.971364e-02 6.397885e-04 -5.870328e-03 1.083434e-01 -9.940960e-01
4.946325e-01 3.547919e-01 7.286437e-02 1.741687e-03 -1.480761e-02 1.168028e-01 -9.930432e-01
