px py pz qw qx qy qz
5.366404e-01 -8.065280e-02 1.056203e-01 6.672759e-01 2.413387e-01 -2.368868e-01 6.636137e-01
5.685744e-01 -7.895503e-02 1.069516e-01 6.672771e-01 2.308416e-01 -2.355159e-01 6.678216e-01
5.935940e-01 -8.020363e-02 1.061256e-01 6.665375e-01 2.296992e-01 -2.371833e-01 6.683638e-01
5.395936e-01 -6.535359e-02 1.161320e-01 6.881484e-01 1.779006e-01 -1.678715e-01 6.830976e-01
5.679336e-01 -6.359967e-02 1.169986e-01 6.878670e-01 1.651028e-01 -1.666685e-01 6.868782e-01
5.955623e-01 -6.443088e-02 1.165877e-01 6.906299e-01 1.508752e-01 -1.543921e-01 6.902392e-01
5.388930e-01 -4.634127e-02 1.233872e-01 7.018130e-01 9.732102e-02 -9.351363e-02 6.994586e-01
5.669896e-01 -5.088231e-02 1.219490e-01 7.002813e-01 1.067849e-01 -1.040403e-01 6.981252e-01
5.940172e-01 -5.194006e-02 1.216354e-01 6.966867e-01 1.183909e-01 -1.237378e-01 6.966349e-01
5.400967e-01 -3.291375e-02 1.254601e-01 7.080076e-01 2.831261e-02 -1.892679e-02 7.053832e-01
5.679162e-01 -3.260877e-02 1.252512e-01 7.074040e-01 2.746664e-02 -2.621052e-02 7.057890e-01
5.956836e-01 -3.495695e-02 1.247874e-01 7.081132e-01 3.119363e-02 -1.928826e-02 7.051458e-01
5.428426e-01 -1.457597e-02 1.248461e-01 7.074890e-01 -2.185502e-02 4.239334e-02 7.051131e-01
5.679852e-01 -1.645588e-02 1.246647e-01 7.071232e-01 -3.142229e-02 3.497566e-02 7.055254e-01
5.976321e-01 -1.888835e-02 1.246871e-01 7.068271e-01 -3.686364e-02 4.086339e-02 7.052423e-01
5.416551e-01 -2.345898e-03 1.218675e-01 7.009254e-01 -8.848768e-02 1.032605e-01 7.001505e-01
5.683542e-01 -4.586241e-03 1.221442e-01 7.024295e-01 -8.268487e-02 8.977399e-02 7.012108e-01
5.975978e-01 -2.838287e-03 1.213088e-01 7.017287e-01 -8.781535e-02 9.519009e-02 7.005741e-01
5.409661e-01 1.266724e-02 1.156384e-01 6.838352e-01 -1.715932e-01 1.850511e-01 6.846030e-01
5.681705e-01 1.166110e-02 1.154987e-01 6.870618e-01 -1.599399e-01 1.725191e-01 6.874609e-01
5.965994e-01 1.229830e-02 1.146457e-01 6.876031e-01 -1.579129e-01 1.703146e-01 6.879378e-01
5.414285e-01 2.835923e-02 1.042638e-01 6.609293e-01 -2.383317e-01 2.555524e-01 6.641261e-01
5.677304e-01 2.629153e-02 1.054646e-01 6.619836e-01 -2.372699e-01 2.525526e-01 6.646035e-01
5.980419e-01 2.551369e-02 1.052797e-01 6.642475e-01 -2.315843e-01 2.464821e-01 6.666263e-01
